>> % 1. Operasikan matriks M dan N berikut ini:
>> M = [10 20; 5 8]
M =

   10   20
    5    8

>> N = [-1 1;1 -1]
N =

  -1   1
   1  -1

>> M + N
ans =

    9   21
    6    7

>> M - N
ans =

   11   19
    4    9

>> N + 9
ans =

    8   10
   10    8

>> M * N
ans =

   10  -10
    3   -3

>> N * M
ans =

   -5  -12
    5   12

>> % 2. Hitunglah dot-product dan cross-product dari dua vektor berikut ini:
>> a = [0 5 5]
a =

   0   5   5

>> b = [1 1 1]
b =

   1   1   1

>> dot(a,b)
ans = 10
>> cross(a,b)
ans =

   0   5  -5

>> cross(b,a)
ans =

   0  -5   5

>> % 3. Pecahkanlah persamaan linier tiga variabel berikut ini:
>> koefisien = [1 2 -3; 4 5 6; 7 8 9]
koefisien =

   1   2  -3
   4   5   6
   7   8   9

>> konstanta = [-7; 11; 17]
konstanta =

   -7
   11
   17

>> hasil = inv(koefisien) * konstanta
hasil =

   1.0000 % nilai x
  -1.0000 % nilai y
   2.0000 % nilai z

>> % 4. Carilah solusi dari persamaan lingkaran berikut ini:
>> x = [-5:0.05:5]'; % membuat vektor x
>> y = sqrt(25-x.^2); % menghitung y
>> pj = length(x); % menghitung panjang vektor x
>> awal = round(pj/2); akhir = awal + 1/0.05;
>> % menentukan indeks untuk x=0 hingga x=1
>> [x(awal:akhir),y(awal:akhir)]
ans =

        0   5.0000
   0.0500   4.9997
   0.1000   4.9990
   0.1500   4.9977
   0.2000   4.9960
   0.2500   4.9937
   0.3000   4.9910
   0.3500   4.9877
   0.4000   4.9840
   0.4500   4.9797
   0.5000   4.9749
   0.5500   4.9697
   0.6000   4.9639
   0.6500   4.9576
   0.7000   4.9508
   0.7500   4.9434
   0.8000   4.9356
   0.8500   4.9272
   0.9000   4.9183
   0.9500   4.9089
   1.0000   4.8990

>> % 5. Buatlah tabel hiperbolik-trigonometri: sinh, cosh, dan tanh untuk rentang ? 5 ? x ? 5 , dengan inkremen x sebesar 0,1.
>> x = -5:0.1:5;  % membuat vektor x
>> sinus = sinh(x); cosinus = cosh(x); tangent = tanh(x);
>> disp('Tabel hiperbolik-trigonometri:'),...
disp('x      sinh      cosh       tanh'),...
disp('---------------------------------')
Tabel hiperbolik-trigonometri:
x      sinh      cosh       tanh
---------------------------------
>> [x' sinus' cosinus' tangent']
ans =

   -5.0000  -74.2032   74.2099   -0.9999
   -4.9000  -67.1412   67.1486   -0.9999
   -4.8000  -60.7511   60.7593   -0.9999
   -4.7000  -54.9690   54.9781   -0.9998
   -4.6000  -49.7371   49.7472   -0.9998
   -4.5000  -45.0030   45.0141   -0.9998
   -4.4000  -40.7193   40.7316   -0.9997
   -4.3000  -36.8431   36.8567   -0.9996
   -4.2000  -33.3357   33.3507   -0.9996
   -4.1000  -30.1619   30.1784   -0.9995
   -4.0000  -27.2899   27.3082   -0.9993
   -3.9000  -24.6911   24.7113   -0.9992
   -3.8000  -22.3394   22.3618   -0.9990
   -3.7000  -20.2113   20.2360   -0.9988
   -3.6000  -18.2855   18.3128   -0.9985
   -3.5000  -16.5426   16.5728   -0.9982
   -3.4000  -14.9654   14.9987   -0.9978
   -3.3000  -13.5379   13.5748   -0.9973
   -3.2000  -12.2459   12.2866   -0.9967
   -3.1000  -11.0765   11.1215   -0.9959
   -3.0000  -10.0179   10.0677   -0.9951
   -2.9000   -9.0596    9.1146   -0.9940
   -2.8000   -8.1919    8.2527   -0.9926
   -2.7000   -7.4063    7.4735   -0.9910
   -2.6000   -6.6947    6.7690   -0.9890
   -2.5000   -6.0502    6.1323   -0.9866
   -2.4000   -5.4662    5.5569   -0.9837
   -2.3000   -4.9370    5.0372   -0.9801
   -2.2000   -4.4571    4.5679   -0.9757
   -2.1000   -4.0219    4.1443   -0.9705
   -2.0000   -3.6269    3.7622   -0.9640
   -1.9000   -3.2682    3.4177   -0.9562
   -1.8000   -2.9422    3.1075   -0.9468
   -1.7000   -2.6456    2.8283   -0.9354
   -1.6000   -2.3756    2.5775   -0.9217
   -1.5000   -2.1293    2.3524   -0.9051
   -1.4000   -1.9043    2.1509   -0.8854
   -1.3000   -1.6984    1.9709   -0.8617
   -1.2000   -1.5095    1.8107   -0.8337
   -1.1000   -1.3356    1.6685   -0.8005
   -1.0000   -1.1752    1.5431   -0.7616
   -0.9000   -1.0265    1.4331   -0.7163
   -0.8000   -0.8881    1.3374   -0.6640
   -0.7000   -0.7586    1.2552   -0.6044
   -0.6000   -0.6367    1.1855   -0.5370
   -0.5000   -0.5211    1.1276   -0.4621
   -0.4000   -0.4108    1.0811   -0.3799
   -0.3000   -0.3045    1.0453   -0.2913
   -0.2000   -0.2013    1.0201   -0.1974
   -0.1000   -0.1002    1.0050   -0.0997
         0         0    1.0000         0
    0.1000    0.1002    1.0050    0.0997
    0.2000    0.2013    1.0201    0.1974
    0.3000    0.3045    1.0453    0.2913
    0.4000    0.4108    1.0811    0.3799
    0.5000    0.5211    1.1276    0.4621
    0.6000    0.6367    1.1855    0.5370
    0.7000    0.7586    1.2552    0.6044
    0.8000    0.8881    1.3374    0.6640
    0.9000    1.0265    1.4331    0.7163
    1.0000    1.1752    1.5431    0.7616
    1.1000    1.3356    1.6685    0.8005
    1.2000    1.5095    1.8107    0.8337
    1.3000    1.6984    1.9709    0.8617
    1.4000    1.9043    2.1509    0.8854
    1.5000    2.1293    2.3524    0.9051
    1.6000    2.3756    2.5775    0.9217
    1.7000    2.6456    2.8283    0.9354
    1.8000    2.9422    3.1075    0.9468
    1.9000    3.2682    3.4177    0.9562
    2.0000    3.6269    3.7622    0.9640
    2.1000    4.0219    4.1443    0.9705
    2.2000    4.4571    4.5679    0.9757
    2.3000    4.9370    5.0372    0.9801
    2.4000    5.4662    5.5569    0.9837
    2.5000    6.0502    6.1323    0.9866
    2.6000    6.6947    6.7690    0.9890
    2.7000    7.4063    7.4735    0.9910
    2.8000    8.1919    8.2527    0.9926
    2.9000    9.0596    9.1146    0.9940
    3.0000   10.0179   10.0677    0.9951
    3.1000   11.0765   11.1215    0.9959
    3.2000   12.2459   12.2866    0.9967
    3.3000   13.5379   13.5748    0.9973
    3.4000   14.9654   14.9987    0.9978
    3.5000   16.5426   16.5728    0.9982
    3.6000   18.2855   18.3128    0.9985
    3.7000   20.2113   20.2360    0.9988
    3.8000   22.3394   22.3618    0.9990
    3.9000   24.6911   24.7113    0.9992
    4.0000   27.2899   27.3082    0.9993
    4.1000   30.1619   30.1784    0.9995
    4.2000   33.3357   33.3507    0.9996
    4.3000   36.8431   36.8567    0.9996
    4.4000   40.7193   40.7316    0.9997
    4.5000   45.0030   45.0141    0.9998
    4.6000   49.7371   49.7472    0.9998
    4.7000   54.9690   54.9781    0.9998
    4.8000   60.7511   60.7593    0.9999
    4.9000   67.1412   67.1486    0.9999
    5.0000   74.2032   74.2099    0.9999

>>